
ZAI = [
666
0
];

NAMES = [
'lost            '
'total           '
];

iLOST    = 1;
iTOT     = 2;

MAT_UO2_VOLUME = [ 3.82689E+02 3.82689E+02 3.82689E+02 3.82689E+02 3.82689E+02 3.82689E+02 3.82689E+02 3.82689E+02 3.82689E+02 3.82689E+02 3.82689E+02 3.82689E+02 3.82689E+02 3.82689E+02 3.82689E+02 3.82689E+02 3.82689E+02 3.82689E+02 3.82689E+02 3.82689E+02 3.82689E+02 3.82689E+02 3.82689E+02 3.82689E+02 3.82689E+02 3.82689E+02 3.82689E+02 3.82689E+02 3.82689E+02 3.82689E+02 3.82689E+02 3.82689E+02 3.82689E+02 3.82689E+02 3.82689E+02 3.82689E+02 3.82689E+02 3.82689E+02 3.82689E+02 3.82689E+02 3.82689E+02 3.82689E+02 3.82689E+02 ];

MAT_UO2_BURNUP = [ 0.00000E+00 2.08503E-02 4.17007E-02 8.34013E-02 1.25102E-01 2.08503E-01 1.04251E+00 2.08503E+00 4.17006E+00 6.25510E+00 8.34013E+00 1.04252E+01 1.25102E+01 1.45952E+01 1.66803E+01 1.87653E+01 2.08503E+01 2.29354E+01 2.29354E+01 2.29354E+01 2.29354E+01 2.29354E+01 2.29562E+01 2.29771E+01 2.30188E+01 2.30605E+01 2.31439E+01 2.39779E+01 2.50204E+01 2.71054E+01 2.91905E+01 3.12755E+01 3.33606E+01 3.54456E+01 3.75306E+01 3.96157E+01 4.17007E+01 4.37857E+01 4.58708E+01 4.58708E+01 4.58708E+01 4.58708E+01 4.58708E+01 ];

MAT_UO2_ADENS = [
0.00000E+00 3.00852E-14 6.05187E-14 1.21739E-13 1.83093E-13 3.05948E-13 1.53743E-12 3.08223E-12 6.19154E-12 9.34023E-12 1.25355E-11 1.57831E-11 1.90830E-11 2.24381E-11 2.58502E-11 2.93202E-11 3.28488E-11 3.64354E-11 3.64354E-11 3.64354E-11 3.64354E-11 3.64354E-11 3.64710E-11 3.65070E-11 3.65793E-11 3.66516E-11 3.67962E-11 3.82501E-11 4.00822E-11 4.37904E-11 4.75561E-11 5.13805E-11 5.52602E-11 5.91953E-11 6.31823E-11 6.72171E-11 7.12977E-11 7.54201E-11 7.95824E-11 7.95824E-11 7.95824E-11 7.95824E-11 7.95824E-11 % lost data
6.88151E-02 6.88156E-02 6.88161E-02 6.88171E-02 6.88181E-02 6.88201E-02 6.88399E-02 6.88648E-02 6.89145E-02 6.89640E-02 6.90134E-02 6.90628E-02 6.91121E-02 6.91613E-02 6.92104E-02 6.92595E-02 6.93085E-02 6.93575E-02 6.93575E-02 6.93575E-02 6.93575E-02 6.93575E-02 6.93580E-02 6.93585E-02 6.93595E-02 6.93604E-02 6.93624E-02 6.93820E-02 6.94064E-02 6.94554E-02 6.95042E-02 6.95531E-02 6.96019E-02 6.96507E-02 6.96995E-02 6.97483E-02 6.97970E-02 6.98458E-02 6.98945E-02 6.98945E-02 6.98946E-02 6.98946E-02 6.98946E-02 % total
];

MAT_UO2_MDENS = [
0.00000E+00 0.00000E+00 0.00000E+00 0.00000E+00 0.00000E+00 0.00000E+00 0.00000E+00 0.00000E+00 0.00000E+00 0.00000E+00 0.00000E+00 0.00000E+00 0.00000E+00 0.00000E+00 0.00000E+00 0.00000E+00 0.00000E+00 0.00000E+00 0.00000E+00 0.00000E+00 0.00000E+00 0.00000E+00 0.00000E+00 0.00000E+00 0.00000E+00 0.00000E+00 0.00000E+00 0.00000E+00 0.00000E+00 0.00000E+00 0.00000E+00 0.00000E+00 0.00000E+00 0.00000E+00 0.00000E+00 0.00000E+00 0.00000E+00 0.00000E+00 0.00000E+00 0.00000E+00 0.00000E+00 0.00000E+00 0.00000E+00 % lost data
1.02948E+01 1.02948E+01 1.02948E+01 1.02948E+01 1.02948E+01 1.02947E+01 1.02947E+01 1.02946E+01 1.02944E+01 1.02942E+01 1.02940E+01 1.02938E+01 1.02936E+01 1.02935E+01 1.02933E+01 1.02931E+01 1.02930E+01 1.02928E+01 1.02928E+01 1.02928E+01 1.02928E+01 1.02928E+01 1.02928E+01 1.02928E+01 1.02928E+01 1.02928E+01 1.02928E+01 1.02927E+01 1.02927E+01 1.02925E+01 1.02924E+01 1.02922E+01 1.02921E+01 1.02920E+01 1.02918E+01 1.02917E+01 1.02916E+01 1.02915E+01 1.02914E+01 1.02914E+01 1.02914E+01 1.02914E+01 1.02914E+01 % total
];

MAT_UO2_A = [
0.00000E+00 0.00000E+00 0.00000E+00 0.00000E+00 0.00000E+00 0.00000E+00 0.00000E+00 0.00000E+00 0.00000E+00 0.00000E+00 0.00000E+00 0.00000E+00 0.00000E+00 0.00000E+00 0.00000E+00 0.00000E+00 0.00000E+00 0.00000E+00 0.00000E+00 0.00000E+00 0.00000E+00 0.00000E+00 0.00000E+00 0.00000E+00 0.00000E+00 0.00000E+00 0.00000E+00 0.00000E+00 0.00000E+00 0.00000E+00 0.00000E+00 0.00000E+00 0.00000E+00 0.00000E+00 0.00000E+00 0.00000E+00 0.00000E+00 0.00000E+00 0.00000E+00 0.00000E+00 0.00000E+00 0.00000E+00 0.00000E+00 % lost data
2.02351E+08 2.25876E+16 2.37051E+16 2.48682E+16 2.56037E+16 2.65306E+16 2.85422E+16 2.90347E+16 2.94280E+16 2.96077E+16 2.97707E+16 2.99253E+16 3.00841E+16 3.02477E+16 3.04222E+16 3.06046E+16 3.08003E+16 3.10047E+16 4.06866E+15 2.81395E+15 2.03380E+15 1.69549E+15 2.43466E+16 2.55503E+16 2.68895E+16 2.77612E+16 2.88448E+16 3.07122E+16 3.10961E+16 3.12823E+16 3.15653E+16 3.18146E+16 3.20526E+16 3.22738E+16 3.24898E+16 3.26926E+16 3.28843E+16 3.30686E+16 3.32379E+16 4.48753E+15 3.06465E+15 2.22543E+15 1.87690E+15 % total
];

MAT_UO2_H = [
0.00000E+00 0.00000E+00 0.00000E+00 0.00000E+00 0.00000E+00 0.00000E+00 0.00000E+00 0.00000E+00 0.00000E+00 0.00000E+00 0.00000E+00 0.00000E+00 0.00000E+00 0.00000E+00 0.00000E+00 0.00000E+00 0.00000E+00 0.00000E+00 0.00000E+00 0.00000E+00 0.00000E+00 0.00000E+00 0.00000E+00 0.00000E+00 0.00000E+00 0.00000E+00 0.00000E+00 0.00000E+00 0.00000E+00 0.00000E+00 0.00000E+00 0.00000E+00 0.00000E+00 0.00000E+00 0.00000E+00 0.00000E+00 0.00000E+00 0.00000E+00 0.00000E+00 0.00000E+00 0.00000E+00 0.00000E+00 0.00000E+00 % lost data
1.53196E-04 8.50305E+03 8.67332E+03 8.81038E+03 8.88488E+03 8.96941E+03 9.14491E+03 9.12987E+03 9.03980E+03 8.93802E+03 8.86335E+03 8.80535E+03 8.76000E+03 8.72413E+03 8.69621E+03 8.67488E+03 8.65975E+03 8.64946E+03 4.33338E+02 3.12659E+02 2.24556E+02 1.83126E+02 7.98482E+03 8.15177E+03 8.29700E+03 8.38296E+03 8.47965E+03 8.63458E+03 8.66846E+03 8.62724E+03 8.63379E+03 8.64071E+03 8.64953E+03 8.65830E+03 8.66921E+03 8.68037E+03 8.69254E+03 8.70524E+03 8.71815E+03 4.86626E+02 3.52171E+02 2.57981E+02 2.14744E+02 % total
];

MAT_UO2_SF = [
0.00000E+00 0.00000E+00 0.00000E+00 0.00000E+00 0.00000E+00 0.00000E+00 0.00000E+00 0.00000E+00 0.00000E+00 0.00000E+00 0.00000E+00 0.00000E+00 0.00000E+00 0.00000E+00 0.00000E+00 0.00000E+00 0.00000E+00 0.00000E+00 0.00000E+00 0.00000E+00 0.00000E+00 0.00000E+00 0.00000E+00 0.00000E+00 0.00000E+00 0.00000E+00 0.00000E+00 0.00000E+00 0.00000E+00 0.00000E+00 0.00000E+00 0.00000E+00 0.00000E+00 0.00000E+00 0.00000E+00 0.00000E+00 0.00000E+00 0.00000E+00 0.00000E+00 0.00000E+00 0.00000E+00 0.00000E+00 0.00000E+00 % lost data
2.30161E+03 2.30158E+03 2.30156E+03 2.30155E+03 2.30160E+03 2.30188E+03 2.32289E+03 2.39461E+03 2.79205E+03 4.09711E+03 7.49985E+03 1.46268E+04 2.73922E+04 4.79234E+04 7.85237E+04 1.21621E+05 1.79811E+05 2.55622E+05 2.53971E+05 2.51056E+05 2.45392E+05 2.39958E+05 2.40310E+05 2.40964E+05 2.42692E+05 2.44665E+05 2.48828E+05 2.92449E+05 3.50518E+05 4.80159E+05 6.31480E+05 8.08481E+05 1.01399E+06 1.25084E+06 1.52158E+06 1.82811E+06 2.17151E+06 2.55286E+06 2.97232E+06 2.96204E+06 2.94819E+06 2.92124E+06 2.89531E+06 % total
];

MAT_UO2_GSRC = [
0.00000E+00 0.00000E+00 0.00000E+00 0.00000E+00 0.00000E+00 0.00000E+00 0.00000E+00 0.00000E+00 0.00000E+00 0.00000E+00 0.00000E+00 0.00000E+00 0.00000E+00 0.00000E+00 0.00000E+00 0.00000E+00 0.00000E+00 0.00000E+00 0.00000E+00 0.00000E+00 0.00000E+00 0.00000E+00 0.00000E+00 0.00000E+00 0.00000E+00 0.00000E+00 0.00000E+00 0.00000E+00 0.00000E+00 0.00000E+00 0.00000E+00 0.00000E+00 0.00000E+00 0.00000E+00 0.00000E+00 0.00000E+00 0.00000E+00 0.00000E+00 0.00000E+00 0.00000E+00 0.00000E+00 0.00000E+00 0.00000E+00 % lost data
2.65012E+07 1.80422E+16 1.91363E+16 2.05281E+16 2.14873E+16 2.27287E+16 2.50425E+16 2.54079E+16 2.56576E+16 2.57858E+16 2.59263E+16 2.60703E+16 2.62233E+16 2.63819E+16 2.65511E+16 2.67269E+16 2.69150E+16 2.71105E+16 3.69384E+15 2.05442E+15 1.20625E+15 9.23273E+14 1.89827E+16 2.02340E+16 2.18842E+16 2.30426E+16 2.45350E+16 2.69549E+16 2.72930E+16 2.74313E+16 2.76752E+16 2.78962E+16 2.81107E+16 2.83103E+16 2.85048E+16 2.86858E+16 2.88544E+16 2.90154E+16 2.91603E+16 4.14711E+15 2.25548E+15 1.31540E+15 1.01503E+15 % total
];

