
ZAI = [
666
0
];

NAMES = [
'lost            '
'total           '
];

iLOST    = 1;
iTOT     = 2;

MAT_UO2_VOLUME = [ 3.82689E+02 3.82689E+02 3.82689E+02 3.82689E+02 3.82689E+02 3.82689E+02 3.82689E+02 3.82689E+02 3.82689E+02 3.82689E+02 3.82689E+02 3.82689E+02 3.82689E+02 3.82689E+02 3.82689E+02 3.82689E+02 3.82689E+02 3.82689E+02 3.82689E+02 3.82689E+02 3.82689E+02 3.82689E+02 3.82689E+02 3.82689E+02 3.82689E+02 3.82689E+02 3.82689E+02 3.82689E+02 3.82689E+02 3.82689E+02 3.82689E+02 3.82689E+02 3.82689E+02 3.82689E+02 3.82689E+02 3.82689E+02 3.82689E+02 3.82689E+02 3.82689E+02 3.82689E+02 3.82689E+02 3.82689E+02 3.82689E+02 ];

MAT_UO2_BURNUP = [ 0.00000E+00 2.08503E-02 4.17006E-02 8.34013E-02 1.25102E-01 2.08503E-01 1.04252E+00 2.08503E+00 4.17006E+00 6.25509E+00 8.34013E+00 1.04252E+01 1.25102E+01 1.45952E+01 1.66803E+01 1.87653E+01 2.08503E+01 2.29354E+01 2.29354E+01 2.29354E+01 2.29354E+01 2.29354E+01 2.29562E+01 2.29771E+01 2.30188E+01 2.30605E+01 2.31439E+01 2.39779E+01 2.50204E+01 2.71054E+01 2.91905E+01 3.12755E+01 3.33605E+01 3.54456E+01 3.75306E+01 3.96156E+01 4.17007E+01 4.37857E+01 4.58708E+01 4.58708E+01 4.58708E+01 4.58708E+01 4.58708E+01 ];

MAT_UO2_ADENS = [
0.00000E+00 3.06541E-14 6.16719E-14 1.24042E-13 1.86558E-13 3.11746E-13 1.56731E-12 3.14169E-12 6.31372E-12 9.52896E-12 1.27939E-11 1.61122E-11 1.94847E-11 2.29149E-11 2.64038E-11 2.99524E-11 3.35609E-11 3.72323E-11 3.72323E-11 3.72323E-11 3.72323E-11 3.72323E-11 3.72687E-11 3.73055E-11 3.73795E-11 3.74535E-11 3.76015E-11 3.90904E-11 4.09669E-11 4.47608E-11 4.86183E-11 5.25351E-11 5.65088E-11 6.05390E-11 6.46204E-11 6.87540E-11 7.29325E-11 7.71542E-11 8.14149E-11 8.14149E-11 8.14149E-11 8.14149E-11 8.14149E-11 % lost data
6.88151E-02 6.88156E-02 6.88161E-02 6.88171E-02 6.88181E-02 6.88201E-02 6.88399E-02 6.88648E-02 6.89145E-02 6.89640E-02 6.90135E-02 6.90628E-02 6.91121E-02 6.91613E-02 6.92104E-02 6.92595E-02 6.93086E-02 6.93575E-02 6.93575E-02 6.93575E-02 6.93575E-02 6.93576E-02 6.93580E-02 6.93585E-02 6.93595E-02 6.93605E-02 6.93625E-02 6.93820E-02 6.94065E-02 6.94554E-02 6.95043E-02 6.95532E-02 6.96020E-02 6.96508E-02 6.96996E-02 6.97484E-02 6.97972E-02 6.98459E-02 6.98947E-02 6.98947E-02 6.98947E-02 6.98947E-02 6.98948E-02 % total
];

MAT_UO2_MDENS = [
0.00000E+00 0.00000E+00 0.00000E+00 0.00000E+00 0.00000E+00 0.00000E+00 0.00000E+00 0.00000E+00 0.00000E+00 0.00000E+00 0.00000E+00 0.00000E+00 0.00000E+00 0.00000E+00 0.00000E+00 0.00000E+00 0.00000E+00 0.00000E+00 0.00000E+00 0.00000E+00 0.00000E+00 0.00000E+00 0.00000E+00 0.00000E+00 0.00000E+00 0.00000E+00 0.00000E+00 0.00000E+00 0.00000E+00 0.00000E+00 0.00000E+00 0.00000E+00 0.00000E+00 0.00000E+00 0.00000E+00 0.00000E+00 0.00000E+00 0.00000E+00 0.00000E+00 0.00000E+00 0.00000E+00 0.00000E+00 0.00000E+00 % lost data
1.02948E+01 1.02948E+01 1.02948E+01 1.02948E+01 1.02948E+01 1.02947E+01 1.02947E+01 1.02946E+01 1.02944E+01 1.02942E+01 1.02940E+01 1.02938E+01 1.02936E+01 1.02935E+01 1.02933E+01 1.02931E+01 1.02930E+01 1.02928E+01 1.02928E+01 1.02928E+01 1.02928E+01 1.02928E+01 1.02928E+01 1.02928E+01 1.02928E+01 1.02928E+01 1.02928E+01 1.02927E+01 1.02926E+01 1.02925E+01 1.02924E+01 1.02922E+01 1.02921E+01 1.02920E+01 1.02918E+01 1.02917E+01 1.02916E+01 1.02915E+01 1.02914E+01 1.02914E+01 1.02914E+01 1.02914E+01 1.02914E+01 % total
];

MAT_UO2_A = [
0.00000E+00 0.00000E+00 0.00000E+00 0.00000E+00 0.00000E+00 0.00000E+00 0.00000E+00 0.00000E+00 0.00000E+00 0.00000E+00 0.00000E+00 0.00000E+00 0.00000E+00 0.00000E+00 0.00000E+00 0.00000E+00 0.00000E+00 0.00000E+00 0.00000E+00 0.00000E+00 0.00000E+00 0.00000E+00 0.00000E+00 0.00000E+00 0.00000E+00 0.00000E+00 0.00000E+00 0.00000E+00 0.00000E+00 0.00000E+00 0.00000E+00 0.00000E+00 0.00000E+00 0.00000E+00 0.00000E+00 0.00000E+00 0.00000E+00 0.00000E+00 0.00000E+00 0.00000E+00 0.00000E+00 0.00000E+00 0.00000E+00 % lost data
2.02351E+08 2.25863E+16 2.37028E+16 2.48638E+16 2.55975E+16 2.65250E+16 2.85350E+16 2.90269E+16 2.94182E+16 2.96046E+16 2.97626E+16 2.99201E+16 3.00702E+16 3.02400E+16 3.04143E+16 3.05974E+16 3.07911E+16 3.09909E+16 4.06559E+15 2.81307E+15 2.03364E+15 1.69542E+15 2.43436E+16 2.55467E+16 2.68832E+16 2.77529E+16 2.88343E+16 3.07041E+16 3.10812E+16 3.12674E+16 3.15485E+16 3.18041E+16 3.20331E+16 3.22611E+16 3.24694E+16 3.26739E+16 3.28668E+16 3.30504E+16 3.32149E+16 4.48332E+15 3.06332E+15 2.22506E+15 1.87665E+15 % total
];

MAT_UO2_H = [
0.00000E+00 0.00000E+00 0.00000E+00 0.00000E+00 0.00000E+00 0.00000E+00 0.00000E+00 0.00000E+00 0.00000E+00 0.00000E+00 0.00000E+00 0.00000E+00 0.00000E+00 0.00000E+00 0.00000E+00 0.00000E+00 0.00000E+00 0.00000E+00 0.00000E+00 0.00000E+00 0.00000E+00 0.00000E+00 0.00000E+00 0.00000E+00 0.00000E+00 0.00000E+00 0.00000E+00 0.00000E+00 0.00000E+00 0.00000E+00 0.00000E+00 0.00000E+00 0.00000E+00 0.00000E+00 0.00000E+00 0.00000E+00 0.00000E+00 0.00000E+00 0.00000E+00 0.00000E+00 0.00000E+00 0.00000E+00 0.00000E+00 % lost data
1.53196E-04 8.50547E+03 8.67578E+03 8.81264E+03 8.88705E+03 8.97161E+03 9.14723E+03 9.13228E+03 9.04246E+03 8.94213E+03 8.86731E+03 8.80991E+03 8.76358E+03 8.72893E+03 8.70148E+03 8.68021E+03 8.66513E+03 8.65460E+03 4.33087E+02 3.12562E+02 2.24513E+02 1.83091E+02 7.99062E+03 8.15749E+03 8.30254E+03 8.38861E+03 8.48509E+03 8.64063E+03 8.67391E+03 8.63218E+03 8.63935E+03 8.64744E+03 8.65448E+03 8.66493E+03 8.67444E+03 8.68616E+03 8.69821E+03 8.71127E+03 8.72319E+03 4.86219E+02 3.51970E+02 2.57855E+02 2.14633E+02 % total
];

MAT_UO2_SF = [
0.00000E+00 0.00000E+00 0.00000E+00 0.00000E+00 0.00000E+00 0.00000E+00 0.00000E+00 0.00000E+00 0.00000E+00 0.00000E+00 0.00000E+00 0.00000E+00 0.00000E+00 0.00000E+00 0.00000E+00 0.00000E+00 0.00000E+00 0.00000E+00 0.00000E+00 0.00000E+00 0.00000E+00 0.00000E+00 0.00000E+00 0.00000E+00 0.00000E+00 0.00000E+00 0.00000E+00 0.00000E+00 0.00000E+00 0.00000E+00 0.00000E+00 0.00000E+00 0.00000E+00 0.00000E+00 0.00000E+00 0.00000E+00 0.00000E+00 0.00000E+00 0.00000E+00 0.00000E+00 0.00000E+00 0.00000E+00 0.00000E+00 % lost data
2.30161E+03 2.30158E+03 2.30156E+03 2.30155E+03 2.30159E+03 2.30188E+03 2.32278E+03 2.39416E+03 2.78844E+03 4.07944E+03 7.44679E+03 1.44931E+04 2.71158E+04 4.74240E+04 7.76808E+04 1.20277E+05 1.77765E+05 2.52709E+05 2.51070E+05 2.48173E+05 2.42544E+05 2.37145E+05 2.37491E+05 2.38136E+05 2.39845E+05 2.41799E+05 2.45918E+05 2.89021E+05 3.46447E+05 4.74704E+05 6.24266E+05 7.99115E+05 1.00234E+06 1.23704E+06 1.50503E+06 1.80839E+06 2.14840E+06 2.52572E+06 2.94077E+06 2.93053E+06 2.91673E+06 2.88987E+06 2.86404E+06 % total
];

MAT_UO2_GSRC = [
0.00000E+00 0.00000E+00 0.00000E+00 0.00000E+00 0.00000E+00 0.00000E+00 0.00000E+00 0.00000E+00 0.00000E+00 0.00000E+00 0.00000E+00 0.00000E+00 0.00000E+00 0.00000E+00 0.00000E+00 0.00000E+00 0.00000E+00 0.00000E+00 0.00000E+00 0.00000E+00 0.00000E+00 0.00000E+00 0.00000E+00 0.00000E+00 0.00000E+00 0.00000E+00 0.00000E+00 0.00000E+00 0.00000E+00 0.00000E+00 0.00000E+00 0.00000E+00 0.00000E+00 0.00000E+00 0.00000E+00 0.00000E+00 0.00000E+00 0.00000E+00 0.00000E+00 0.00000E+00 0.00000E+00 0.00000E+00 0.00000E+00 % lost data
2.65012E+07 1.80407E+16 1.91335E+16 2.05227E+16 2.14794E+16 2.27205E+16 2.50318E+16 2.53966E+16 2.56438E+16 2.57787E+16 2.59134E+16 2.60607E+16 2.62041E+16 2.63691E+16 2.65378E+16 2.67146E+16 2.69005E+16 2.70908E+16 3.68887E+15 2.05293E+15 1.20589E+15 9.23057E+14 1.89799E+16 2.02296E+16 2.18760E+16 2.30314E+16 2.45204E+16 2.69414E+16 2.72719E+16 2.74108E+16 2.76522E+16 2.78796E+16 2.80854E+16 2.82913E+16 2.84782E+16 2.86609E+16 2.88315E+16 2.89913E+16 2.91316E+16 4.14033E+15 2.25325E+15 1.31469E+15 1.01453E+15 % total
];

